date,zone,longitude,latitude,temperature,pm2_5,pm10,smog
"May 06, 2023, 12:00 AM",141,19.2621,42.4415,15.77447509765625,6.776849746704102,7.511205673217773,
"May 06, 2023, 01:00 AM",141,19.2621,42.4415,15.438726425170898,6.6808180809021,7.3985700607299805,
"May 06, 2023, 02:00 AM",141,19.2621,42.4415,15.396013259887695,6.522212982177734,7.203618049621582,
"May 06, 2023, 03:00 AM",141,19.2621,42.4415,15.650436401367188,6.311415672302246,6.939563751220703,
"May 06, 2023, 04:00 AM",141,19.2621,42.4415,16.185728073120117,6.062416076660156,6.62435245513916,
"May 06, 2023, 05:00 AM",141,19.2621,42.4415,16.966537475585938,5.7917160987854,6.279346466064453,
"May 06, 2023, 06:00 AM",141,19.2621,42.4415,17.94074821472168,5.517269134521484,5.92786979675293,
"May 06, 2023, 07:00 AM",141,19.2621,42.4415,19.042997360229492,5.257230281829834,5.593628883361816,
"May 06, 2023, 08:00 AM",141,19.2621,42.4415,20.19917869567871,5.028769016265869,5.299107551574707,
"May 06, 2023, 09:00 AM",141,19.2621,42.4415,21.331533432006836,4.846803665161133,5.063989639282227,
"May 06, 2023, 10:00 AM",141,19.2621,42.4415,22.3637752532959,4.723090648651123,4.903900146484375,
"May 06, 2023, 11:00 AM",141,19.2621,42.4415,23.226499557495117,4.665382385253906,4.829314231872559,
"May 06, 2023, 12:00 PM",141,19.2621,42.4415,23.86173439025879,4.676910877227783,4.8448333740234375,
"May 06, 2023, 01:00 PM",141,19.2621,42.4415,24.227052688598633,4.7562127113342285,4.948942184448242,
"May 06, 2023, 02:00 PM",141,19.2621,42.4415,24.298383712768555,4.897197723388672,5.13410758972168,
"May 06, 2023, 03:00 PM",141,19.2621,42.4415,24.071672439575195,5.089571952819824,5.3872480392456055,
"May 06, 2023, 04:00 PM",141,19.2621,42.4415,23.563196182250977,5.319596767425537,5.690759658813477,
"May 06, 2023, 05:00 PM",141,19.2621,42.4415,22.808454513549805,5.570994853973389,6.0236005783081055,
"May 06, 2023, 06:00 PM",141,19.2621,42.4415,21.85968589782715,5.826061725616455,6.362837791442871,
"May 06, 2023, 07:00 PM",141,19.2621,42.4415,20.782461166381836,6.066935062408447,6.685166358947754,
"May 06, 2023, 08:00 PM",141,19.2621,42.4415,19.651105880737305,6.276690483093262,6.968439102172852,
"May 06, 2023, 09:00 PM",141,19.2621,42.4415,18.543676376342773,6.440610885620117,7.19329833984375,
"May 06, 2023, 10:00 PM",141,19.2621,42.4415,17.536651611328125,6.547125816345215,7.344372749328613,
"May 06, 2023, 11:00 PM",141,19.2621,42.4415,16.699663162231445,6.5885844230651855,7.411383628845215,
"May 07, 2023, 12:00 AM",141,19.2621,42.4415,16.090831756591797,6.561827182769775,7.38978385925293,
"May 07, 2023, 01:00 AM",141,19.2621,42.4415,15.752740859985352,6.468316555023193,7.281120300292969,
"May 07, 2023, 02:00 AM",141,19.2621,42.4415,15.709531784057617,6.314030170440674,7.092777252197266,
"May 07, 2023, 03:00 AM",141,19.2621,42.4415,15.965282440185547,6.1091084480285645,6.837591171264648,
"May 07, 2023, 04:00 AM",141,19.2621,42.4415,16.503643035888672,5.8670854568481445,6.532927513122559,
"May 07, 2023, 05:00 AM",141,19.2621,42.4415,17.289037704467773,5.60402774810791,6.199457168579102,
"May 07, 2023, 06:00 AM",141,19.2621,42.4415,18.269012451171875,5.3373637199401855,5.859772682189941,
"May 07, 2023, 07:00 AM",141,19.2621,42.4415,19.37782859802246,5.084705829620361,5.536782264709473,
"May 07, 2023, 08:00 AM",141,19.2621,42.4415,20.540943145751953,4.862701416015625,5.252223014831543,
"May 07, 2023, 09:00 AM",141,19.2621,42.4415,21.680025100708008,4.685859203338623,5.025171279907227,
"May 07, 2023, 10:00 AM",141,19.2621,42.4415,22.7183895111084,4.565566539764404,4.8707275390625,
"May 07, 2023, 11:00 AM",141,19.2621,42.4415,23.586179733276367,4.509361743927002,4.798988342285156,
"May 07, 2023, 12:00 PM",141,19.2621,42.4415,24.22505760192871,4.520381927490234,4.814435005187988,
"May 07, 2023, 01:00 PM",141,19.2621,42.4415,24.592363357543945,4.597163200378418,4.9155473709106445,
"May 07, 2023, 02:00 PM",141,19.2621,42.4415,24.66388511657715,4.733797073364258,5.095029830932617,
"May 07, 2023, 03:00 PM",141,19.2621,42.4415,24.435503005981445,4.92029333114624,5.3402557373046875,
"May 07, 2023, 04:00 PM",141,19.2621,42.4415,23.92363166809082,5.143326282501221,5.634150505065918,
"May 07, 2023, 05:00 PM",141,19.2621,42.4415,23.16392707824707,5.3870849609375,5.956396102905273,
"May 07, 2023, 06:00 PM",141,19.2621,42.4415,22.209014892578125,5.634411334991455,6.284812927246094,
"May 07, 2023, 07:00 PM",141,19.2621,42.4415,21.124887466430664,5.867910861968994,6.5968017578125,
"May 07, 2023, 08:00 PM",141,19.2621,42.4415,19.986278533935547,6.0712127685546875,6.871028900146484,
"May 07, 2023, 09:00 PM",141,19.2621,42.4415,18.87174415588379,6.230013847351074,7.088727951049805,
"May 07, 2023, 10:00 PM",141,19.2621,42.4415,17.85824203491211,6.333119869232178,7.235075950622559,
"May 07, 2023, 11:00 PM",141,19.2621,42.4415,17.015806198120117,6.373128890991211,7.300165176391602,
"May 08, 2023, 12:00 AM",141,19.2621,42.4415,16.402969360351562,6.346927165985107,7.2795562744140625,
"May 08, 2023, 01:00 AM",141,19.2621,42.4415,16.062524795532227,6.255956172943115,7.174773216247559,
"May 08, 2023, 02:00 AM",141,19.2621,42.4415,16.018781661987305,6.106034755706787,6.992973327636719,
"May 08, 2023, 03:00 AM",141,19.2621,42.4415,16.27583885192871,5.907020568847656,6.746593475341797,
"May 08, 2023, 04:00 AM",141,19.2621,42.4415,16.817243576049805,5.672046184539795,6.452413558959961,
"May 08, 2023, 05:00 AM",141,19.2621,42.4415,17.60719871520996,5.416686534881592,6.130436897277832,
"May 08, 2023, 06:00 AM",141,19.2621,42.4415,18.592931747436523,5.157827377319336,5.802453994750977,
"May 08, 2023, 07:00 AM",141,19.2621,42.4415,19.708293914794922,4.912574768066406,5.490629196166992,
"May 08, 2023, 08:00 AM",141,19.2621,42.4415,20.87828826904297,4.697083950042725,5.215986251831055,
"May 08, 2023, 09:00 AM",141,19.2621,42.4415,22.024091720581055,4.525410175323486,4.996931076049805,
"May 08, 2023, 10:00 AM",141,19.2621,42.4415,23.06853675842285,4.40861177444458,4.8480634689331055,
"May 08, 2023, 11:00 AM",141,19.2621,42.4415,23.941373825073242,4.353954315185547,4.779122352600098,
"May 08, 2023, 12:00 PM",141,19.2621,42.4415,24.583906173706055,4.364482879638672,4.794395446777344,
"May 08, 2023, 01:00 PM",141,19.2621,42.4415,24.953203201293945,4.438778400421143,4.89244270324707,
"May 08, 2023, 02:00 PM",141,19.2621,42.4415,25.02484703063965,4.571113586425781,5.066193580627441,
"May 08, 2023, 03:00 PM",141,19.2621,42.4415,24.794771194458008,4.751797199249268,5.303422927856445,
"May 08, 2023, 04:00 PM",141,19.2621,42.4415,24.27943992614746,4.967894077301025,5.587665557861328,
"May 08, 2023, 05:00 PM",141,19.2621,42.4415,23.51478385925293,5.204058647155762,5.899236679077148,
"May 08, 2023, 06:00 PM",141,19.2621,42.4415,22.55373764038086,5.443639755249023,6.216716766357422,
"May 08, 2023, 07:00 PM",141,19.2621,42.4415,21.46266746520996,5.669821739196777,6.518331527709961,
"May 08, 2023, 08:00 PM",141,19.2621,42.4415,20.31678581237793,5.8667120933532715,6.783416748046875,
"May 08, 2023, 09:00 PM",141,19.2621,42.4415,19.195146560668945,6.0204644203186035,6.993892669677734,
"May 08, 2023, 10:00 PM",141,19.2621,42.4415,18.175107955932617,6.120218276977539,7.135472297668457,
"May 08, 2023, 11:00 PM",141,19.2621,42.4415,17.327238082885742,6.1587653160095215,7.198508262634277,
"May 09, 2023, 12:00 AM",141,19.2621,42.4415,16.710359573364258,6.133162498474121,7.178835868835449,
"May 09, 2023, 01:00 AM",141,19.2621,42.4415,16.367542266845703,6.044787406921387,7.077851295471191,
"May 09, 2023, 02:00 AM",141,19.2621,42.4415,16.323244094848633,5.899300575256348,6.9025373458862305,
"May 09, 2023, 03:00 AM",141,19.2621,42.4415,16.58156967163086,5.706248760223389,6.664912223815918,
"May 09, 2023, 04:00 AM",141,19.2621,42.4415,17.126001358032227,5.478351593017578,6.381137847900391,
"May 09, 2023, 05:00 AM",141,19.2621,42.4415,17.920513153076172,5.230696201324463,6.070545196533203,
"May 09, 2023, 06:00 AM",141,19.2621,42.4415,18.911985397338867,4.979696273803711,5.754185676574707,
"May 09, 2023, 07:00 AM",141,19.2621,42.4415,20.033872604370117,4.741911888122559,5.453466415405273,
"May 09, 2023, 08:00 AM",141,19.2621,42.4415,21.210721969604492,4.532975673675537,5.188656806945801,
"May 09, 2023, 09:00 AM",141,19.2621,42.4415,22.363210678100586,4.366520881652832,4.977544784545898,
"May 09, 2023, 10:00 AM",141,19.2621,42.4415,23.413774490356445,4.2532196044921875,4.834161758422852,
"May 09, 2023, 11:00 AM",141,19.2621,42.4415,24.291624069213867,4.200150489807129,4.767914772033691,
"May 09, 2023, 12:00 PM",141,19.2621,42.4415,24.937776565551758,4.2102370262146,4.782949447631836,
"May 09, 2023, 01:00 PM",141,19.2621,42.4415,25.30901527404785,4.282106876373291,4.877850532531738,
"May 09, 2023, 02:00 PM",141,19.2621,42.4415,25.380769729614258,4.410195350646973,5.0457963943481445,
"May 09, 2023, 03:00 PM",141,19.2621,42.4415,25.148977279663086,4.585086822509766,5.274965286254883,
"May 09, 2023, 04:00 PM",141,19.2621,42.4415,24.630216598510742,4.794264793395996,5.549433708190918,
"May 09, 2023, 05:00 PM",141,19.2621,42.4415,23.860586166381836,5.0228729248046875,5.850255012512207,
"May 09, 2023, 06:00 PM",141,19.2621,42.4415,22.893388748168945,5.254784107208252,6.156737327575684,
"May 09, 2023, 07:00 PM",141,19.2621,42.4415,21.79533576965332,5.473689079284668,6.447881698608398,
"May 09, 2023, 08:00 PM",141,19.2621,42.4415,20.64214324951172,5.66422176361084,6.7037811279296875,
"May 09, 2023, 09:00 PM",141,19.2621,42.4415,19.51336669921875,5.812936782836914,6.906954765319824,
"May 09, 2023, 10:00 PM",141,19.2621,42.4415,18.48682403564453,5.909350395202637,7.043623924255371,
"May 09, 2023, 11:00 PM",141,19.2621,42.4415,17.63348960876465,5.946516036987305,7.104569435119629,
"May 10, 2023, 12:00 AM",141,19.2621,42.4415,17.012548446655273,5.921550750732422,7.085715293884277,
"May 10, 2023, 01:00 AM",141,19.2621,42.4415,16.667343139648438,5.835795879364014,6.988468170166016,
"May 10, 2023, 02:00 AM",141,19.2621,42.4415,16.62247085571289,5.69478178024292,6.819581031799316,
"May 10, 2023, 03:00 AM",141,19.2621,42.4415,16.882064819335938,5.507704257965088,6.590573310852051,
"May 10, 2023, 04:00 AM",141,19.2621,42.4415,17.429502487182617,5.286923408508301,6.317131042480469,
"May 10, 2023, 05:00 AM",141,19.2621,42.4415,18.228544235229492,5.047047138214111,6.0178422927856445,
"May 10, 2023, 06:00 AM",141,19.2621,42.4415,19.22573471069336,4.80393123626709,5.713027000427246,
"May 10, 2023, 07:00 AM",141,19.2621,42.4415,20.354135513305664,4.573663711547852,5.423345565795898,
"May 10, 2023, 08:00 AM",141,19.2621,42.4415,21.537805557250977,4.371308326721191,5.1682844161987305,
"May 10, 2023, 09:00 AM",141,19.2621,42.4415,22.69700050354004,4.2100911140441895,4.964998245239258,
"May 10, 2023, 10:00 AM",141,19.2621,42.4415,23.753629684448242,4.1003522872924805,4.8270063400268555,
"May 10, 2023, 11:00 AM",141,19.2621,42.4415,24.636491775512695,4.048907279968262,4.763383865356445,
"May 10, 2023, 12:00 PM",141,19.2621,42.4415,25.286245346069336,4.058579921722412,4.778090476989746,
"May 10, 2023, 01:00 PM",141,19.2621,42.4415,25.659395217895508,4.128059387207031,4.869779586791992,
"May 10, 2023, 02:00 PM",141,19.2621,42.4415,25.73128318786621,4.251916885375977,5.03181266784668,
"May 10, 2023, 03:00 PM",141,19.2621,42.4415,25.49778175354004,4.421071529388428,5.252806663513184,
"May 10, 2023, 04:00 PM",141,19.2621,42.4415,24.97553062438965,4.623377799987793,5.517434120178223,
"May 10, 2023, 05:00 PM",141,19.2621,42.4415,24.200910568237305,4.844455242156982,5.807413101196289,
"May 10, 2023, 06:00 PM",141,19.2621,42.4415,23.227510452270508,5.06873083114624,6.102837562561035,
"May 10, 2023, 07:00 PM",141,19.2621,42.4415,22.12248420715332,5.280393123626709,6.383419990539551,
"May 10, 2023, 08:00 PM",141,19.2621,42.4415,20.96200180053711,5.46457576751709,6.629990577697754,
"May 10, 2023, 09:00 PM",141,19.2621,42.4415,19.826066970825195,5.608315467834473,6.82576847076416,
"May 10, 2023, 10:00 PM",141,19.2621,42.4415,18.792993545532227,5.7014241218566895,6.957466125488281,
"May 10, 2023, 11:00 PM",141,19.2621,42.4415,17.934192657470703,5.737226963043213,7.0162153244018555,
"May 11, 2023, 12:00 AM",141,19.2621,42.4415,17.309146881103516,5.712946891784668,6.998134613037109,
"May 11, 2023, 01:00 AM",141,19.2621,42.4415,16.961536407470703,5.6298747062683105,6.904526710510254,
"May 11, 2023, 02:00 AM",141,19.2621,42.4415,16.916095733642578,5.493339538574219,6.741915702819824,
"May 11, 2023, 03:00 AM",141,19.2621,42.4415,17.176944732666016,5.312282562255859,6.521462440490723,
"May 11, 2023, 04:00 AM",141,19.2621,42.4415,17.72737693786621,5.098638534545898,6.258248329162598,
"May 11, 2023, 05:00 AM",141,19.2621,42.4415,18.53093147277832,4.8665618896484375,5.97017765045166,
"May 11, 2023, 06:00 AM",141,19.2621,42.4415,19.5338134765625,4.631397247314453,5.676841735839844,
"May 11, 2023, 07:00 AM",141,19.2621,42.4415,20.668725967407227,4.40863561630249,5.3980560302734375,
"May 11, 2023, 08:00 AM",141,19.2621,42.4415,21.859224319458008,4.212913990020752,5.152661323547363,
"May 11, 2023, 09:00 AM",141,19.2621,42.4415,23.025094985961914,4.0569658279418945,4.957106590270996,
"May 11, 2023, 10:00 AM",141,19.2621,42.4415,24.087778091430664,3.9508116245269775,4.82442569732666,
"May 11, 2023, 11:00 AM",141,19.2621,42.4415,24.975614547729492,3.9010331630706787,4.763344764709473,
"May 11, 2023, 12:00 PM",141,19.2621,42.4415,25.62898063659668,3.9103410243988037,4.7776336669921875,
"May 11, 2023, 01:00 PM",141,19.2621,42.4415,26.004053115844727,3.9774434566497803,4.8659820556640625,
"May 11, 2023, 02:00 PM",141,19.2621,42.4415,26.076040267944336,4.097110748291016,5.022001266479492,
"May 11, 2023, 03:00 PM",141,19.2621,42.4415,25.84079933166504,4.2605390548706055,5.234744071960449,
"May 11, 2023, 04:00 PM",141,19.2621,42.4415,25.315065383911133,4.456003189086914,5.4894304275512695,
"May 11, 2023, 05:00 PM",141,19.2621,42.4415,24.535425186157227,4.669612884521484,5.768494606018066,
"May 11, 2023, 06:00 PM",141,19.2621,42.4415,23.555845260620117,4.886261940002441,6.052725791931152,
"May 11, 2023, 07:00 PM",141,19.2621,42.4415,22.44383430480957,5.0907111167907715,6.322637557983398,
"May 11, 2023, 08:00 PM",141,19.2621,42.4415,21.27605438232422,5.268574237823486,6.559808731079102,
"May 11, 2023, 09:00 PM",141,19.2621,42.4415,20.1329345703125,5.40735387802124,6.74809455871582,
"May 11, 2023, 10:00 PM",141,19.2621,42.4415,19.093297958374023,5.497226715087891,6.874750137329102,
"May 11, 2023, 11:00 PM",141,19.2621,42.4415,18.22900390625,5.531697750091553,6.931206703186035,
"May 12, 2023, 12:00 AM",141,19.2621,42.4415,17.599891662597656,5.50810432434082,6.913736343383789,
"May 12, 2023, 01:00 AM",141,19.2621,42.4415,17.249868392944336,5.427713871002197,6.823672294616699,
"May 12, 2023, 02:00 AM",141,19.2621,42.4415,17.203828811645508,5.2957000732421875,6.667268753051758,
"May 12, 2023, 03:00 AM",141,19.2621,42.4415,17.465923309326172,5.120693206787109,6.45528507232666,
"May 12, 2023, 04:00 AM",141,19.2621,42.4415,18.01934051513672,4.914250373840332,6.202214241027832,
"May 12, 2023, 05:00 AM",141,19.2621,42.4415,18.827381134033203,4.690000534057617,5.925256729125977,
"May 12, 2023, 06:00 AM",141,19.2621,42.4415,19.83597755432129,4.462779998779297,5.643253326416016,
"May 12, 2023, 07:00 AM",141,19.2621,42.4415,20.977378845214844,4.247562885284424,5.3752899169921875,
"May 12, 2023, 08:00 AM",141,19.2621,42.4415,22.174694061279297,4.058492183685303,5.1394500732421875,
"May 12, 2023, 09:00 AM",141,19.2621,42.4415,23.34724998474121,3.907860040664673,4.9515380859375,
"May 12, 2023, 10:00 AM",141,19.2621,42.4415,24.415937423706055,3.805325746536255,4.8240814208984375,
"May 12, 2023, 11:00 AM",141,19.2621,42.4415,25.308786392211914,3.75722074508667,4.765407562255859,
"May 12, 2023, 12:00 PM",141,19.2621,42.4415,25.965730667114258,3.766171455383301,4.779173851013184,
"May 12, 2023, 01:00 PM",141,19.2621,42.4415,26.342714309692383,3.8309316635131836,4.864096641540527,
"May 12, 2023, 02:00 PM",141,19.2621,42.4415,26.414793014526367,3.9464337825775146,5.014010429382324,
"May 12, 2023, 03:00 PM",141,19.2621,42.4415,26.17778205871582,4.104191780090332,5.218419075012207,
"May 12, 2023, 04:00 PM",141,19.2621,42.4415,25.648561477661133,4.292840480804443,5.463061332702637,
"May 12, 2023, 05:00 PM",141,19.2621,42.4415,24.863950729370117,4.498964309692383,5.7310791015625,
"May 12, 2023, 06:00 PM",141,19.2621,42.4415,23.878149032592773,4.7080206871032715,6.004010200500488,
"May 12, 2023, 07:00 PM",141,19.2621,42.4415,22.75914192199707,4.905281066894531,6.2631635665893555,
"May 12, 2023, 08:00 PM",141,19.2621,42.4415,21.584033966064453,5.076874256134033,6.490832328796387,
"May 12, 2023, 09:00 PM",141,19.2621,42.4415,20.43372344970703,5.2107319831848145,6.671547889709473,
"May 12, 2023, 10:00 PM",141,19.2621,42.4415,19.38755226135254,5.297351837158203,6.793017387390137,
"May 12, 2023, 11:00 PM",141,19.2621,42.4415,18.517759323120117,5.330500602722168,6.847064971923828,
"May 13, 2023, 12:00 AM",141,19.2621,42.4415,17.88455581665039,5.3076300621032715,6.830134391784668,
"May 13, 2023, 01:00 AM",141,19.2621,42.4415,17.532127380371094,5.229973793029785,6.743511199951172,
"May 13, 2023, 02:00 AM",141,19.2621,42.4415,17.48545265197754,5.1025166511535645,6.593240737915039,
"May 13, 2023, 03:00 AM",141,19.2621,42.4415,17.7487850189209,4.93358039855957,6.3896074295043945,
"May 13, 2023, 04:00 AM",141,19.2621,42.4415,18.305194854736328,4.734312057495117,6.14653205871582,
"May 13, 2023, 05:00 AM",141,19.2621,42.4415,19.117733001708984,4.517911434173584,5.880592346191406,
"May 13, 2023, 06:00 AM",141,19.2621,42.4415,20.132022857666016,4.298669815063477,5.609838485717773,
"May 13, 2023, 07:00 AM",141,19.2621,42.4415,21.279903411865234,4.091039657592773,5.352603912353516,
"May 13, 2023, 08:00 AM",141,19.2621,42.4415,22.484010696411133,3.9086506366729736,5.126229286193848,
"May 13, 2023, 09:00 AM",141,19.2621,42.4415,23.66322898864746,3.7633450031280518,4.945847511291504,
"May 13, 2023, 10:00 AM",141,19.2621,42.4415,24.73797035217285,3.664424180984497,4.823480606079102,
"May 13, 2023, 11:00 AM",141,19.2621,42.4415,25.635805130004883,3.618022918701172,4.767125129699707,
"May 13, 2023, 12:00 PM",141,19.2621,42.4415,26.296327590942383,3.6266558170318604,4.780276298522949,
"May 13, 2023, 01:00 PM",141,19.2621,42.4415,26.675214767456055,3.689094066619873,4.861651420593262,
"May 13, 2023, 02:00 PM",141,19.2621,42.4415,26.74738121032715,3.8004608154296875,5.005379676818848,
"May 13, 2023, 03:00 PM",141,19.2621,42.4415,26.508615493774414,3.952528476715088,5.201303482055664,
"May 13, 2023, 04:00 PM",141,19.2621,42.4415,25.975900650024414,4.134379863739014,5.4358015060424805,
"May 13, 2023, 05:00 PM",141,19.2621,42.4415,25.186277389526367,4.333068370819092,5.69267463684082,
"May 13, 2023, 06:00 PM",141,19.2621,42.4415,24.194265365600586,4.534552574157715,5.954214096069336,
"May 13, 2023, 07:00 PM",141,19.2621,42.4415,23.068239212036133,4.724656105041504,6.202531814575195,
"May 13, 2023, 08:00 PM",141,19.2621,42.4415,21.885805130004883,4.889973163604736,6.420594215393066,
"May 13, 2023, 09:00 PM",141,19.2621,42.4415,20.72833251953125,5.018900394439697,6.593594551086426,
"May 13, 2023, 10:00 PM",141,19.2621,42.4415,19.67562484741211,5.102298736572266,6.709773063659668,
"May 13, 2023, 11:00 PM",141,19.2621,42.4415,18.800310134887695,5.134170055389404,6.761314392089844,
"May 14, 2023, 12:00 AM",141,19.2621,42.4415,18.163009643554688,5.112026691436768,6.744819641113281,
"May 14, 2023, 01:00 AM",141,19.2621,42.4415,17.80813980102539,5.037134170532227,6.661561012268066,
"May 14, 2023, 02:00 AM",141,19.2621,42.4415,17.76087760925293,4.914211750030518,6.517273902893066,
"May 14, 2023, 03:00 AM",141,19.2621,42.4415,18.02544593811035,4.751364707946777,6.321870803833008,
"May 14, 2023, 04:00 AM",141,19.2621,42.4415,18.584827423095703,4.559324264526367,6.088716506958008,
"May 14, 2023, 05:00 AM",141,19.2621,42.4415,19.4018611907959,4.3507890701293945,5.833683013916016,
"May 14, 2023, 06:00 AM",141,19.2621,42.4415,20.421836853027344,4.139552116394043,5.574101448059082,
"May 14, 2023, 07:00 AM",141,19.2621,42.4415,21.576181411743164,3.9395029544830322,5.327478408813477,
"May 14, 2023, 08:00 AM",141,19.2621,42.4415,22.7871150970459,3.763792037963867,5.1104230880737305,
"May 14, 2023, 09:00 AM",141,19.2621,42.4415,23.972990036010742,3.623828411102295,4.937475204467773,
"May 14, 2023, 10:00 AM",141,19.2621,42.4415,25.053770065307617,3.528563976287842,4.820101737976074,
"May 14, 2023, 11:00 AM",141,19.2621,42.4415,25.956605911254883,3.4838719367980957,4.765972137451172,
"May 14, 2023, 12:00 PM",141,19.2621,42.4415,26.62066078186035,3.492201089859009,4.778402328491211,
"May 14, 2023, 01:00 PM",141,19.2621,42.4415,27.00145149230957,3.5523316860198975,4.856136322021484,
"May 14, 2023, 02:00 PM",141,19.2621,42.4415,27.0737247467041,3.6595582962036133,4.993532180786133,
"May 14, 2023, 03:00 PM",141,19.2621,42.4415,26.83320426940918,3.805978298187256,5.180887222290039,
"May 14, 2023, 04:00 PM",141,19.2621,42.4415,26.2969913482666,3.981036424636841,5.405143737792969,
"May 14, 2023, 05:00 PM",141,19.2621,42.4415,25.502355575561523,4.172292709350586,5.650751113891602,
"May 14, 2023, 06:00 PM",141,19.2621,42.4415,24.504114151000977,4.366228103637695,5.900824546813965,
"May 14, 2023, 07:00 PM",141,19.2621,42.4415,23.371126174926758,4.5491623878479,6.138140678405762,
"May 14, 2023, 08:00 PM",141,19.2621,42.4415,22.18134307861328,4.708240509033203,6.346492767333984,
"May 14, 2023, 09:00 PM",141,19.2621,42.4415,21.016693115234375,4.832262992858887,6.511684417724609,
"May 14, 2023, 10:00 PM",141,19.2621,42.4415,19.957427978515625,4.912438869476318,6.622476577758789,
"May 14, 2023, 11:00 PM",141,19.2621,42.4415,19.07659149169922,4.943044662475586,6.671441078186035,
"May 15, 2023, 12:00 AM",141,19.2621,42.4415,18.435197830200195,4.921667098999023,6.655278205871582,
"May 15, 2023, 01:00 AM",141,19.2621,42.4415,18.077919006347656,4.849496364593506,6.575214385986328,
"May 15, 2023, 02:00 AM",141,19.2621,42.4415,18.030048370361328,4.73115873336792,6.436819076538086,
"May 15, 2023, 03:00 AM",141,19.2621,42.4415,18.29587173461914,4.574398040771484,6.2495527267456055,
"May 15, 2023, 04:00 AM",141,19.2621,42.4415,18.858213424682617,4.389584541320801,6.026212692260742,
"May 15, 2023, 05:00 AM",141,19.2621,42.4415,19.67972183227539,4.188937187194824,5.782010078430176,
"May 15, 2023, 06:00 AM",141,19.2621,42.4415,20.70540428161621,3.9856929779052734,5.533453941345215,
"May 15, 2023, 07:00 AM",141,19.2621,42.4415,21.866228103637695,3.7932567596435547,5.297324180603027,
"May 15, 2023, 08:00 AM",141,19.2621,42.4415,23.083974838256836,3.6242423057556152,5.089506149291992,
"May 15, 2023, 09:00 AM",141,19.2621,42.4415,24.276506423950195,3.489621162414551,4.923881530761719,
"May 15, 2023, 10:00 AM",141,19.2621,42.4415,25.363298416137695,3.398021936416626,4.811426162719727,
"May 15, 2023, 11:00 AM",141,19.2621,42.4415,26.2711238861084,3.3550662994384766,4.759404182434082,
"May 15, 2023, 12:00 PM",141,19.2621,42.4415,26.93877601623535,3.36308217048645,4.77097225189209,
"May 15, 2023, 01:00 PM",141,19.2621,42.4415,27.321470260620117,3.4209134578704834,4.844959259033203,
"May 15, 2023, 02:00 PM",141,19.2621,42.4415,27.393831253051758,3.5240085124969482,4.975934982299805,
"May 15, 2023, 03:00 PM",141,19.2621,42.4415,27.15155601501465,3.664778709411621,5.154627799987793,
"May 15, 2023, 04:00 PM",141,19.2621,42.4415,26.611852645874023,3.8330817222595215,5.368541717529297,
"May 15, 2023, 05:00 PM",141,19.2621,42.4415,25.81218147277832,4.016913414001465,5.602792739868164,
"May 15, 2023, 06:00 PM",141,19.2621,42.4415,24.80775260925293,4.2032856941223145,5.841238021850586,
"May 15, 2023, 07:00 PM",141,19.2621,42.4415,23.667768478393555,4.379057884216309,6.067476272583008,
"May 15, 2023, 08:00 PM",141,19.2621,42.4415,22.470657348632812,4.531890869140625,6.266021728515625,
"May 15, 2023, 09:00 PM",141,19.2621,42.4415,21.298830032348633,4.65101432800293,6.423287391662598,
"May 15, 2023, 10:00 PM",141,19.2621,42.4415,20.232994079589844,4.72801399230957,6.528624534606934,
"May 15, 2023, 11:00 PM",141,19.2621,42.4415,19.346675872802734,4.757331848144531,6.574840545654297,
"May 16, 2023, 12:00 AM",141,19.2621,42.4415,18.701204299926758,4.736712455749512,6.558897972106934,
"May 16, 2023, 01:00 AM",141,19.2621,42.4415,18.34149169921875,4.6672821044921875,6.4819746017456055,
"May 16, 2023, 02:00 AM",141,19.2621,42.4415,18.293018341064453,4.553522109985352,6.34935188293457,
"May 16, 2023, 03:00 AM",141,19.2621,42.4415,18.560060501098633,4.402891159057617,6.170149803161621,
"May 16, 2023, 04:00 AM",141,19.2621,42.4415,19.12537956237793,4.225307464599609,5.956517219543457,
"May 16, 2023, 05:00 AM",141,19.2621,42.4415,19.951406478881836,4.032527923583984,5.72298526763916,
"May 16, 2023, 06:00 AM",141,19.2621,42.4415,20.9827823638916,3.8372809886932373,5.485363960266113,
"May 16, 2023, 07:00 AM",141,19.2621,42.4415,22.150089263916016,3.6524507999420166,5.259634971618652,
"May 16, 2023, 08:00 AM",141,19.2621,42.4415,23.374670028686523,3.490138530731201,5.060952186584473,
"May 16, 2023, 09:00 AM",141,19.2621,42.4415,24.573827743530273,3.3608903884887695,4.902569770812988,
"May 16, 2023, 10:00 AM",141,19.2621,42.4415,25.66668128967285,3.2729411125183105,4.7948808670043945,
"May 16, 2023, 11:00 AM",141,19.2621,42.4415,26.579496383666992,3.231706380844116,4.744864463806152,
"May 16, 2023, 12:00 PM",141,19.2621,42.4415,27.2507266998291,3.2394206523895264,4.755491256713867,
"May 16, 2023, 01:00 PM",141,19.2621,42.4415,27.635332107543945,3.294954299926758,4.825626373291016,
"May 16, 2023, 02:00 PM",141,19.2621,42.4415,27.707765579223633,3.3939476013183594,4.950105667114258,
"May 16, 2023, 03:00 PM",141,19.2621,42.4415,27.463743209838867,3.529071092605591,5.120020866394043,
"May 16, 2023, 04:00 PM",141,19.2621,42.4415,26.92057228088379,3.6905899047851562,5.323446273803711,
"May 16, 2023, 05:00 PM",141,19.2621,42.4415,26.11589241027832,3.866987705230713,5.546237945556641,
"May 16, 2023, 06:00 PM",141,19.2621,42.4415,25.105260848999023,4.045807838439941,5.772978782653809,
"May 16, 2023, 07:00 PM",141,19.2621,42.4415,23.958288192749023,4.214442253112793,5.98805046081543,
"May 16, 2023, 08:00 PM",141,19.2621,42.4415,22.753835678100586,4.361043930053711,6.176694869995117,
"May 16, 2023, 09:00 PM",141,19.2621,42.4415,21.574857711791992,4.475269317626953,6.325945854187012,
"May 16, 2023, 10:00 PM",141,19.2621,42.4415,20.50247573852539,4.5490403175354,6.425658226013184,
"May 16, 2023, 11:00 PM",141,19.2621,42.4415,19.610660552978516,4.577083587646484,6.469058036804199,
"May 17, 2023, 12:00 AM",141,19.2621,42.4415,18.96110725402832,4.557222843170166,6.453251838684082,
"May 17, 2023, 01:00 AM",141,19.2621,42.4415,18.59897804260254,4.490557670593262,6.379336357116699,
"May 17, 2023, 02:00 AM",141,19.2621,42.4415,18.54989242553711,4.381387710571289,6.252431869506836,
"May 17, 2023, 03:00 AM",141,19.2621,42.4415,18.81819725036621,4.236845970153809,6.08112907409668,
"May 17, 2023, 04:00 AM",141,19.2621,42.4415,19.386505126953125,4.066479682922363,5.877101898193359,
"May 17, 2023, 05:00 AM",141,19.2621,42.4415,20.217052459716797,3.8815791606903076,5.654182434082031,
"May 17, 2023, 06:00 AM",141,19.2621,42.4415,21.254114151000977,3.6943492889404297,5.427379608154297,
"May 17, 2023, 07:00 AM",141,19.2621,42.4415,22.427892684936523,3.5171332359313965,5.211983680725098,
"May 17, 2023, 08:00 AM",141,19.2621,42.4415,23.659292221069336,3.361518144607544,5.022331237792969,
"May 17, 2023, 09:00 AM",141,19.2621,42.4415,24.865140914916992,3.237602949142456,4.871044158935547,
"May 17, 2023, 10:00 AM",141,19.2621,42.4415,25.96404457092285,3.153310775756836,4.768054962158203,
"May 17, 2023, 11:00 AM",141,19.2621,42.4415,26.88185691833496,3.113811731338501,4.719931602478027,
"May 17, 2023, 12:00 PM",141,19.2621,42.4415,27.556676864624023,3.121220827102661,4.729516983032227,
"May 17, 2023, 01:00 PM",141,19.2621,42.4415,27.943204879760742,3.1744632720947266,4.7957258224487305,
"May 17, 2023, 02:00 PM",141,19.2621,42.4415,28.015737533569336,3.2693138122558594,4.9135589599609375,
"May 17, 2023, 03:00 PM",141,19.2621,42.4415,27.76997184753418,3.39878511428833,5.074596405029297,
"May 17, 2023, 04:00 PM",141,19.2621,42.4415,27.22332191467285,3.55352520942688,5.267462730407715,
"May 17, 2023, 05:00 PM",141,19.2621,42.4415,26.41364860534668,3.7225053310394287,5.478696823120117,
"May 17, 2023, 06:00 PM",141,19.2621,42.4415,25.396821975708008,3.8937809467315674,5.693663597106934,
"May 17, 2023, 07:00 PM",141,19.2621,42.4415,24.242849349975586,4.055262565612793,5.897464752197266,
"May 17, 2023, 08:00 PM",141,19.2621,42.4415,23.03110694885254,4.195589065551758,6.076053619384766,
"May 17, 2023, 09:00 PM",141,19.2621,42.4415,21.844966888427734,4.304910659790039,6.217194557189941,
"May 17, 2023, 10:00 PM",141,19.2621,42.4415,20.76604652404785,4.375485420227051,6.311215400695801,
"May 17, 2023, 11:00 PM",141,19.2621,42.4415,19.86874771118164,4.402249336242676,6.351719856262207,
"May 18, 2023, 12:00 AM",141,19.2621,42.4415,19.21510124206543,4.383152961730957,6.335958480834961,
"May 18, 2023, 01:00 AM",141,19.2621,42.4415,18.850568771362305,4.319221496582031,6.26496696472168,
"May 18, 2023, 02:00 AM",141,19.2621,42.4415,18.800931930541992,4.214607238769531,6.143616676330566,
"May 18, 2023, 03:00 AM",141,19.2621,42.4415,19.07047462463379,4.076161861419678,5.980151176452637,
"May 18, 2023, 04:00 AM",141,19.2621,42.4415,19.641780853271484,3.9130301475524902,5.785654067993164,
"May 18, 2023, 05:00 AM",141,19.2621,42.4415,20.476842880249023,3.7359888553619385,5.573219299316406,
"May 18, 2023, 06:00 AM",141,19.2621,42.4415,21.51959800720215,3.5567688941955566,5.357186317443848,
"May 18, 2023, 07:00 AM",141,19.2621,42.4415,22.699899673461914,3.3871381282806396,5.151966094970703,
"May 18, 2023, 08:00 AM",141,19.2621,42.4415,23.93813133239746,3.2382137775421143,4.971253395080566,
"May 18, 2023, 09:00 AM",141,19.2621,42.4415,25.150667190551758,3.1196517944335938,4.827007293701172,
"May 18, 2023, 10:00 AM",141,19.2621,42.4415,26.255647659301758,3.0390071868896484,4.728598594665527,
"May 18, 2023, 11:00 AM",141,19.2621,42.4415,27.17842674255371,3.001235008239746,4.682311058044434,
"May 18, 2023, 12:00 PM",141,19.2621,42.4415,27.856847763061523,3.0083212852478027,4.690762519836426,
"May 18, 2023, 01:00 PM",141,19.2621,42.4415,28.245325088500977,3.059244394302368,4.752904891967773,
"May 18, 2023, 02:00 PM",141,19.2621,42.4415,28.317975997924805,3.149970293045044,4.864034652709961,
"May 18, 2023, 03:00 PM",141,19.2621,42.4415,28.070478439331055,3.273780107498169,5.016090393066406,
"May 18, 2023, 04:00 PM",141,19.2621,42.4415,27.52036476135254,3.4217212200164795,5.198306083679199,
"May 18, 2023, 05:00 PM",141,19.2621,42.4415,26.7056827545166,3.5832738876342773,5.397920608520508,
"May 18, 2023, 06:00 PM",141,19.2621,42.4415,25.68269920349121,3.746971368789673,5.600963592529297,
"May 18, 2023, 07:00 PM",141,19.2621,42.4415,24.521753311157227,3.9012866020202637,5.793392181396484,
"May 18, 2023, 08:00 PM",141,19.2621,42.4415,23.302709579467773,4.035365104675293,5.961874008178711,
"May 18, 2023, 09:00 PM",141,19.2621,42.4415,22.10942268371582,4.139759063720703,6.094809532165527,
"May 18, 2023, 10:00 PM",141,19.2621,42.4415,21.023963928222656,4.20713996887207,6.183089256286621,
"May 18, 2023, 11:00 PM",141,19.2621,42.4415,20.1212100982666,4.232599258422852,6.220572471618652,
"May 19, 2023, 12:00 AM",141,19.2621,42.4415,19.463502883911133,4.214228630065918,6.204729080200195,
"May 19, 2023, 01:00 AM",141,19.2621,42.4415,19.096576690673828,4.153044700622559,6.136571884155273,
"May 19, 2023, 02:00 AM",141,19.2621,42.4415,19.046367645263672,4.052987098693848,6.020723342895508,
"May 19, 2023, 03:00 AM",141,19.2621,42.4415,19.317180633544922,3.9206132888793945,5.865023612976074,
"May 19, 2023, 04:00 AM",141,19.2621,42.4415,19.8914794921875,3.764702796936035,5.679966926574707,
"May 19, 2023, 05:00 AM",141,19.2621,42.4415,20.73107147216797,3.5955312252044678,5.477945327758789,
"May 19, 2023, 06:00 AM",141,19.2621,42.4415,21.779571533203125,3.4242846965789795,5.272531509399414,
"May 19, 2023, 07:00 AM",141,19.2621,42.4415,22.966405868530273,3.2622358798980713,5.077427864074707,
"May 19, 2023, 08:00 AM",141,19.2621,42.4415,24.211469650268555,3.119978427886963,4.905585289001465,
"May 19, 2023, 09:00 AM",141,19.2621,42.4415,25.430696487426758,3.006746768951416,4.76826286315918,
"May 19, 2023, 10:00 AM",141,19.2621,42.4415,26.54173469543457,2.9297449588775635,4.67439079284668,
"May 19, 2023, 11:00 AM",141,19.2621,42.4415,27.46955680847168,2.893667221069336,4.629802703857422,
"May 19, 2023, 12:00 PM",141,19.2621,42.4415,28.151594161987305,2.9004335403442383,4.637032508850098,
"May 19, 2023, 01:00 PM",141,19.2621,42.4415,28.542016983032227,2.9490230083465576,4.695062637329102,
"May 19, 2023, 02:00 PM",141,19.2621,42.4415,28.614789962768555,3.03559947013855,4.799378395080566,
"May 19, 2023, 03:00 PM",141,19.2621,42.4415,28.36558723449707,3.1537423133850098,4.942410469055176,
"May 19, 2023, 04:00 PM",141,19.2621,42.4415,27.811994552612305,3.2948901653289795,5.113889694213867,
"May 19, 2023, 05:00 PM",141,19.2621,42.4415,26.99236488342285,3.4489781856536865,5.301740646362305,
"May 19, 2023, 06:00 PM",141,19.2621,42.4415,25.96321678161621,3.605093240737915,5.492822647094727,
"May 19, 2023, 07:00 PM",141,19.2621,42.4415,24.795316696166992,3.7522151470184326,5.673784255981445,
"May 19, 2023, 08:00 PM",141,19.2621,42.4415,23.56900978088379,3.880016565322876,5.832074165344238,
"May 19, 2023, 09:00 PM",141,19.2621,42.4415,22.368553161621094,3.9795045852661133,5.956759452819824,
"May 19, 2023, 10:00 PM",141,19.2621,42.4415,21.276599884033203,4.043622016906738,6.039141654968262,
"May 19, 2023, 11:00 PM",141,19.2621,42.4415,20.368391036987305,4.06778621673584,6.073559761047363,
"May 20, 2023, 12:00 AM",141,19.2621,42.4415,19.706636428833008,4.050124645233154,6.057549476623535,
"May 20, 2023, 01:00 AM",141,19.2621,42.4415,19.33733558654785,3.9916577339172363,5.99215030670166,
"May 20, 2023, 02:00 AM",141,19.2621,42.4415,19.28655433654785,3.896152973175049,5.881757736206055,
"May 20, 2023, 03:00 AM",141,19.2621,42.4415,19.55865478515625,3.7698566913604736,5.733706474304199,
"May 20, 2023, 04:00 AM",141,19.2621,42.4415,20.13601303100586,3.6211252212524414,5.557976722717285,
"May 20, 2023, 05:00 AM",141,19.2621,42.4415,20.980134963989258,3.4597814083099365,5.366291046142578,
"May 20, 2023, 06:00 AM",141,19.2621,42.4415,22.03437614440918,3.296502113342285,5.171451568603516,
