date,zone,longitude,latitude,temperature,pm2_5,pm10,smog
"May 06, 2023, 12:00 AM",9,0.0362,51.4864,8.916287422180176,3.546306610107422,4.143581390380859,
"May 06, 2023, 01:00 AM",9,0.0362,51.4864,8.582650184631348,3.6206679344177246,4.2370781898498535,
"May 06, 2023, 02:00 AM",9,0.0362,51.4864,8.404988288879395,3.6642045974731445,4.294218063354492,
"May 06, 2023, 03:00 AM",9,0.0362,51.4864,8.395600318908691,3.6735644340515137,4.3107123374938965,
"May 06, 2023, 04:00 AM",9,0.0362,51.4864,8.55533504486084,3.6477651596069336,4.28503942489624,
"May 06, 2023, 05:00 AM",9,0.0362,51.4864,8.87352466583252,3.588200330734253,4.218578815460205,
"May 06, 2023, 06:00 AM",9,0.0362,51.4864,9.328700065612793,3.498586893081665,4.115481376647949,
"May 06, 2023, 07:00 AM",9,0.0362,51.4864,9.890053749084473,3.384641647338867,3.9823429584503174,
"May 06, 2023, 08:00 AM",9,0.0362,51.4864,10.519587516784668,3.253734827041626,3.8278305530548096,
"May 06, 2023, 09:00 AM",9,0.0362,51.4864,11.174628257751465,3.1143369674682617,3.662003517150879,
"May 06, 2023, 10:00 AM",9,0.0362,51.4864,11.810803413391113,2.9754903316497803,3.4956612586975098,
"May 06, 2023, 11:00 AM",9,0.0362,51.4864,12.38504695892334,2.846156358718872,3.3396353721618652,
"May 06, 2023, 12:00 PM",9,0.0362,51.4864,12.858513832092285,2.734614372253418,3.2039802074432373,
"May 06, 2023, 01:00 PM",9,0.0362,51.4864,13.199238777160645,2.647902488708496,3.0973618030548096,
"May 06, 2023, 02:00 PM",9,0.0362,51.4864,13.384333610534668,2.5913491249084473,3.02644944190979,
"May 06, 2023, 03:00 PM",9,0.0362,51.4864,13.401488304138184,2.568189859390259,2.9954111576080322,
"May 06, 2023, 04:00 PM",9,0.0362,51.4864,13.24985408782959,2.579390048980713,3.00573992729187,
"May 06, 2023, 05:00 PM",9,0.0362,51.4864,12.940098762512207,2.6235880851745605,3.056100368499756,
"May 06, 2023, 06:00 PM",9,0.0362,51.4864,12.493643760681152,2.6971614360809326,3.1424126625061035,
"May 06, 2023, 07:00 PM",9,0.0362,51.4864,11.941216468811035,2.794520616531372,3.258209228515625,
"May 06, 2023, 08:00 PM",9,0.0362,51.4864,11.320757865905762,2.908457040786743,3.39497447013855,
"May 06, 2023, 09:00 PM",9,0.0362,51.4864,10.674832344055176,3.0306856632232666,3.5428483486175537,
"May 06, 2023, 10:00 PM",9,0.0362,51.4864,10.047713279724121,3.15238356590271,3.691241979598999,
"May 06, 2023, 11:00 PM",9,0.0362,51.4864,9.482403755187988,3.2648003101348877,3.829533576965332,
"May 07, 2023, 12:00 AM",9,0.0362,51.4864,9.017645835876465,3.359851598739624,3.9478578567504883,
"May 07, 2023, 01:00 AM",9,0.0362,51.4864,8.685343742370605,3.430678129196167,4.037754535675049,
"May 07, 2023, 02:00 AM",9,0.0362,51.4864,8.508347511291504,3.4720675945281982,4.092656135559082,
"May 07, 2023, 03:00 AM",9,0.0362,51.4864,8.498927116394043,3.4808506965637207,4.108482360839844,
"May 07, 2023, 04:00 AM",9,0.0362,51.4864,8.657917976379395,3.4561102390289307,4.083764553070068,
"May 07, 2023, 05:00 AM",9,0.0362,51.4864,8.974701881408691,3.399184226989746,4.019838809967041,
"May 07, 2023, 06:00 AM",9,0.0362,51.4864,9.427899360656738,3.3136157989501953,3.9207139015197754,
"May 07, 2023, 07:00 AM",9,0.0362,51.4864,9.986823081970215,3.2048540115356445,3.7927117347717285,
"May 07, 2023, 08:00 AM",9,0.0362,51.4864,10.613635063171387,3.0799336433410645,3.6441712379455566,
"May 07, 2023, 09:00 AM",9,0.0362,51.4864,11.265854835510254,2.946950912475586,3.4847865104675293,
"May 07, 2023, 10:00 AM",9,0.0362,51.4864,11.899283409118652,2.814518451690674,3.3249270915985107,
"May 07, 2023, 11:00 AM",9,0.0362,51.4864,12.471041679382324,2.6911768913269043,3.1750025749206543,
"May 07, 2023, 12:00 PM",9,0.0362,51.4864,12.942456245422363,2.5848214626312256,3.044680595397949,
"May 07, 2023, 01:00 PM",9,0.0362,51.4864,13.2816743850708,2.50213885307312,2.9422667026519775,
"May 07, 2023, 02:00 PM",9,0.0362,51.4864,13.465910911560059,2.448192834854126,2.874164342880249,
"May 07, 2023, 03:00 PM",9,0.0362,51.4864,13.48292064666748,2.4260854721069336,2.8443875312805176,
"May 07, 2023, 04:00 PM",9,0.0362,51.4864,13.331852912902832,2.4367194175720215,2.8543543815612793,
"May 07, 2023, 05:00 PM",9,0.0362,51.4864,13.023329734802246,2.4787750244140625,2.9027740955352783,
"May 07, 2023, 06:00 PM",9,0.0362,51.4864,12.578688621520996,2.548807144165039,2.9857289791107178,
"May 07, 2023, 07:00 PM",9,0.0362,51.4864,12.028510093688965,2.6414620876312256,3.096973419189453,
"May 07, 2023, 08:00 PM",9,0.0362,51.4864,11.410592079162598,2.749890089035034,3.228349447250366,
"May 07, 2023, 09:00 PM",9,0.0362,51.4864,10.767315864562988,2.8661913871765137,3.370375633239746,
"May 07, 2023, 10:00 PM",9,0.0362,51.4864,10.142769813537598,2.9819633960723877,3.51288104057312,
"May 07, 2023, 11:00 PM",9,0.0362,51.4864,9.579777717590332,3.088885545730591,3.6456778049468994,
"May 08, 2023, 12:00 AM",9,0.0362,51.4864,9.116913795471191,3.1792471408843994,3.759284734725952,
"May 08, 2023, 01:00 AM",9,0.0362,51.4864,8.78593921661377,3.246513843536377,3.845547914505005,
"May 08, 2023, 02:00 AM",9,0.0362,51.4864,8.609623908996582,3.285771131515503,3.898225784301758,
"May 08, 2023, 03:00 AM",9,0.0362,51.4864,8.600178718566895,3.2940027713775635,3.9133856296539307,
"May 08, 2023, 04:00 AM",9,0.0362,51.4864,8.758435249328613,3.2703256607055664,3.8896262645721436,
"May 08, 2023, 05:00 AM",9,0.0362,51.4864,9.073826789855957,3.2160425186157227,3.8282482624053955,
"May 08, 2023, 06:00 AM",9,0.0362,51.4864,9.525044441223145,3.1345040798187256,3.7330732345581055,
"May 08, 2023, 07:00 AM",9,0.0362,51.4864,10.08154582977295,3.030930280685425,3.6102099418640137,
"May 08, 2023, 08:00 AM",9,0.0362,51.4864,10.70565128326416,2.9120097160339355,3.467654228210449,
"May 08, 2023, 09:00 AM",9,0.0362,51.4864,11.355055809020996,2.7854461669921875,3.3147132396698,
"May 08, 2023, 10:00 AM",9,0.0362,51.4864,11.985762596130371,2.6594398021698,3.1613478660583496,
"May 08, 2023, 11:00 AM",9,0.0362,51.4864,12.555037498474121,2.5420939922332764,3.0175247192382812,
"May 08, 2023, 12:00 PM",9,0.0362,51.4864,13.02439022064209,2.440906524658203,2.892519235610962,
"May 08, 2023, 01:00 PM",9,0.0362,51.4864,13.362112998962402,2.3622570037841797,2.794311046600342,
"May 08, 2023, 02:00 PM",9,0.0362,51.4864,13.54550838470459,2.310943126678467,2.7290279865264893,
"May 08, 2023, 03:00 PM",9,0.0362,51.4864,13.562382698059082,2.289890766143799,2.7005131244659424,
"May 08, 2023, 04:00 PM",9,0.0362,51.4864,13.411904335021973,2.299961566925049,2.7101340293884277,
"May 08, 2023, 05:00 PM",9,0.0362,51.4864,13.104615211486816,2.3398778438568115,2.756605625152588,
"May 08, 2023, 06:00 PM",9,0.0362,51.4864,12.661784172058105,2.4063572883605957,2.8361854553222656,
"May 08, 2023, 07:00 PM",9,0.0362,51.4864,12.11386775970459,2.4943180084228516,2.942887306213379,
"May 08, 2023, 08:00 PM",9,0.0362,51.4864,11.498501777648926,2.5972402095794678,3.0688741207122803,
"May 08, 2023, 09:00 PM",9,0.0362,51.4864,10.857884407043457,2.707608699798584,3.2050516605377197,
"May 08, 2023, 10:00 PM",9,0.0362,51.4864,10.235934257507324,2.817474365234375,3.341679096221924,
"May 08, 2023, 11:00 PM",9,0.0362,51.4864,9.675250053405762,2.9188766479492188,3.4689581394195557,
"May 09, 2023, 12:00 AM",9,0.0362,51.4864,9.214287757873535,3.004549741744995,3.5778348445892334,
"May 09, 2023, 01:00 AM",9,0.0362,51.4864,8.884655952453613,3.0682880878448486,3.660487651824951,
"May 09, 2023, 02:00 AM",9,0.0362,51.4864,8.709031105041504,3.1054155826568604,3.7109408378601074,
"May 09, 2023, 03:00 AM",9,0.0362,51.4864,8.699576377868652,3.1130969524383545,3.725445508956909,
"May 09, 2023, 04:00 AM",9,0.0362,51.4864,8.857115745544434,3.090485095977783,3.7026422023773193,
"May 09, 2023, 05:00 AM",9,0.0362,51.4864,9.17110538482666,3.0388264656066895,3.643786907196045,
"May 09, 2023, 06:00 AM",9,0.0362,51.4864,9.620356559753418,2.9613289833068848,3.552572250366211,
"May 09, 2023, 07:00 AM",9,0.0362,51.4864,10.174450874328613,2.8629448413848877,3.4348459243774414,
"May 09, 2023, 08:00 AM",9,0.0362,51.4864,10.795857429504395,2.750016212463379,3.2982840538024902,
"May 09, 2023, 09:00 AM",9,0.0362,51.4864,11.442461967468262,2.629889726638794,3.1517841815948486,
"May 09, 2023, 10:00 AM",9,0.0362,51.4864,12.070435523986816,2.5102860927581787,3.004890203475952,
"May 09, 2023, 11:00 AM",9,0.0362,51.4864,12.63724422454834,2.398937702178955,2.8671669960021973,
"May 09, 2023, 12:00 PM",9,0.0362,51.4864,13.104554176330566,2.30294132232666,2.7474842071533203,
"May 09, 2023, 01:00 PM",9,0.0362,51.4864,13.440789222717285,2.228325366973877,2.6534793376922607,
"May 09, 2023, 02:00 PM",9,0.0362,51.4864,13.62336254119873,2.179643154144287,2.5910212993621826,
"May 09, 2023, 03:00 PM",9,0.0362,51.4864,13.640110969543457,2.1596462726593018,2.563764810562134,
"May 09, 2023, 04:00 PM",9,0.0362,51.4864,13.49021053314209,2.1691408157348633,2.5730133056640625,
"May 09, 2023, 05:00 PM",9,0.0362,51.4864,13.184168815612793,2.2069175243377686,2.6175413131713867,
"May 09, 2023, 06:00 PM",9,0.0362,51.4864,12.743165016174316,2.269850730895996,2.693751335144043,
"May 09, 2023, 07:00 PM",9,0.0362,51.4864,12.19752025604248,2.353109836578369,2.7959067821502686,
"May 09, 2023, 08:00 PM",9,0.0362,51.4864,11.584723472595215,2.4505417346954346,2.9165101051330566,
"May 09, 2023, 09:00 PM",9,0.0362,51.4864,10.946776390075684,2.5549850463867188,3.046846389770508,
"May 09, 2023, 10:00 PM",9,0.0362,51.4864,10.327410697937012,2.658909559249878,3.1775612831115723,
"May 09, 2023, 11:00 PM",9,0.0362,51.4864,9.769061088562012,2.7548179626464844,3.2993292808532715,
"May 10, 2023, 12:00 AM",9,0.0362,51.4864,9.31000804901123,2.8358023166656494,3.4034714698791504,
"May 10, 2023, 01:00 AM",9,0.0362,51.4864,8.981730461120605,2.8960018157958984,3.4825093746185303,
"May 10, 2023, 02:00 AM",9,0.0362,51.4864,8.806811332702637,2.9310078620910645,3.530745267868042,
"May 10, 2023, 03:00 AM",9,0.0362,51.4864,8.797345161437988,2.9381182193756104,3.5445663928985596,
"May 10, 2023, 04:00 AM",9,0.0362,51.4864,8.954169273376465,2.916569948196411,3.522714853286743,
"May 10, 2023, 05:00 AM",9,0.0362,51.4864,9.2667818069458,2.867544412612915,3.4663896560668945,
"May 10, 2023, 06:00 AM",9,0.0362,51.4864,9.714077949523926,2.794077157974243,3.3791306018829346,
"May 10, 2023, 07:00 AM",9,0.0362,51.4864,10.26578426361084,2.7008988857269287,3.2665469646453857,
"May 10, 2023, 08:00 AM",9,0.0362,51.4864,10.88449764251709,2.593977451324463,3.13596248626709,
"May 10, 2023, 09:00 AM",9,0.0362,51.4864,11.528302192687988,2.4802441596984863,2.9958884716033936,
"May 10, 2023, 10:00 AM",9,0.0362,51.4864,12.153559684753418,2.367064952850342,2.855470657348633,
"May 10, 2023, 11:00 AM",9,0.0362,51.4864,12.717911720275879,2.261712074279785,2.723842144012451,
"May 10, 2023, 12:00 PM",9,0.0362,51.4864,13.183186531066895,2.170896530151367,2.6094768047332764,
"May 10, 2023, 01:00 PM",9,0.0362,51.4864,13.517964363098145,2.10031795501709,2.5196850299835205,
"May 10, 2023, 02:00 PM",9,0.0362,51.4864,13.699700355529785,2.0542521476745605,2.460021495819092,
"May 10, 2023, 03:00 PM",9,0.0362,51.4864,13.71633243560791,2.0353076457977295,2.43401837348938,
"May 10, 2023, 04:00 PM",9,0.0362,51.4864,13.56702709197998,2.044229507446289,2.4428951740264893,
"May 10, 2023, 05:00 PM",9,0.0362,51.4864,13.262248039245605,2.07985782623291,2.485473394393921,
"May 10, 2023, 06:00 PM",9,0.0362,51.4864,12.823086738586426,2.1392555236816406,2.5583157539367676,
"May 10, 2023, 07:00 PM",9,0.0362,51.4864,12.279736518859863,2.2178244590759277,2.6559183597564697,
"May 10, 2023, 08:00 PM",9,0.0362,51.4864,11.6694974899292,2.309724807739258,2.771113395690918,
"May 10, 2023, 09:00 PM",9,0.0362,51.4864,11.03423023223877,2.408247232437134,2.8955907821655273,
"May 10, 2023, 10:00 PM",9,0.0362,51.4864,10.417466163635254,2.50624418258667,3.0204062461853027,
"May 10, 2023, 11:00 PM",9,0.0362,51.4864,9.861458778381348,2.596646785736084,3.136655807495117,
"May 11, 2023, 12:00 AM",9,0.0362,51.4864,9.40433406829834,2.672947645187378,3.2360680103302,
"May 11, 2023, 01:00 AM",9,0.0362,51.4864,9.077425956726074,2.7296042442321777,3.311483860015869,
"May 11, 2023, 02:00 AM",9,0.0362,51.4864,8.903206825256348,2.762465476989746,3.3574717044830322,
"May 11, 2023, 03:00 AM",9,0.0362,51.4864,8.89374828338623,2.769010543823242,3.3706133365631104,
"May 11, 2023, 04:00 AM",9,0.0362,51.4864,9.0498685836792,2.7485122680664062,3.349705934524536,
"May 11, 2023, 05:00 AM",9,0.0362,51.4864,9.361109733581543,2.702115297317505,3.295902729034424,
"May 11, 2023, 06:00 AM",9,0.0362,51.4864,9.806471824645996,2.632711172103882,3.212602376937866,
"May 11, 2023, 07:00 AM",9,0.0362,51.4864,10.355780601501465,2.5446887016296387,3.105130672454834,
"May 11, 2023, 08:00 AM",9,0.0362,51.4864,10.971819877624512,2.4437618255615234,2.980515718460083,
"May 11, 2023, 09:00 AM",9,0.0362,51.4864,11.612839698791504,2.3364503383636475,2.846870183944702,
"May 11, 2023, 10:00 AM",9,0.0362,51.4864,12.235392570495605,2.2296833992004395,2.7129201889038086,
"May 11, 2023, 11:00 AM",9,0.0362,51.4864,12.7973051071167,2.1303272247314453,2.587386131286621,
"May 11, 2023, 12:00 PM",9,0.0362,51.4864,13.260560035705566,2.044687271118164,2.4783284664154053,
"May 11, 2023, 01:00 PM",9,0.0362,51.4864,13.593863487243652,1.9781275987625122,2.392716646194458,
"May 11, 2023, 02:00 PM",9,0.0362,51.4864,13.77479076385498,1.9346789121627808,2.335855007171631,
"May 11, 2023, 03:00 PM",9,0.0362,51.4864,13.791319847106934,1.9167752265930176,2.3110954761505127,
"May 11, 2023, 04:00 PM",9,0.0362,51.4864,13.642619132995605,1.9251186847686768,2.319592237472534,
"May 11, 2023, 05:00 PM",9,0.0362,51.4864,13.33912181854248,1.958618402481079,2.3602190017700195,
"May 11, 2023, 06:00 PM",9,0.0362,51.4864,12.901801109313965,2.0144410133361816,2.429675817489624,
"May 11, 2023, 07:00 PM",9,0.0362,51.4864,12.360745429992676,2.088306427001953,2.522707462310791,
"May 11, 2023, 08:00 PM",9,0.0362,51.4864,11.753087043762207,2.1746983528137207,2.632493019104004,
"May 11, 2023, 09:00 PM",9,0.0362,51.4864,11.120512962341309,2.2672858238220215,2.751101493835449,
"May 11, 2023, 10:00 PM",9,0.0362,51.4864,10.506369590759277,2.3593573570251465,2.8700180053710938,
"May 11, 2023, 11:00 PM",9,0.0362,51.4864,9.952717781066895,2.4442477226257324,2.9807398319244385,
"May 12, 2023, 12:00 AM",9,0.0362,51.4864,9.497519493103027,2.5158402919769287,3.0753891468048096,
"May 12, 2023, 01:00 AM",9,0.0362,51.4864,9.171988487243652,2.5689473152160645,3.147172451019287,
"May 12, 2023, 02:00 AM",9,0.0362,51.4864,8.998492240905762,2.5996572971343994,3.190913200378418,
"May 12, 2023, 03:00 AM",9,0.0362,51.4864,8.989047050476074,2.6056299209594727,3.203364849090576,
"May 12, 2023, 04:00 AM",9,0.0362,51.4864,9.144484519958496,2.586212635040283,3.1834020614624023,
"May 12, 2023, 05:00 AM",9,0.0362,51.4864,9.454367637634277,2.5424275398254395,3.1321213245391846,
"May 12, 2023, 06:00 AM",9,0.0362,51.4864,9.897791862487793,2.4770326614379883,3.052734851837158,
"May 12, 2023, 07:00 AM",9,0.0362,51.4864,10.444724082946777,2.394195079803467,2.95037579536438,
"May 12, 2023, 08:00 AM",9,0.0362,51.4864,11.058096885681152,2.299254894256592,2.831718921661377,
"May 12, 2023, 09:00 AM",9,0.0362,51.4864,11.696343421936035,2.1983489990234375,2.7044899463653564,
"May 12, 2023, 10:00 AM",9,0.0362,51.4864,12.316210746765137,2.097993850708008,2.577014684677124,
"May 12, 2023, 11:00 AM",9,0.0362,51.4864,12.875683784484863,2.0046119689941406,2.457536458969116,
"May 12, 2023, 12:00 PM",9,0.0362,51.4864,13.336926460266113,1.9241398572921753,2.3537757396698,
"May 12, 2023, 01:00 PM",9,0.0362,51.4864,13.668778419494629,1.8615912199020386,2.2723400592803955,
"May 12, 2023, 02:00 PM",9,0.0362,51.4864,13.848904609680176,1.8207521438598633,2.218268632888794,
"May 12, 2023, 03:00 PM",9,0.0362,51.4864,13.865351676940918,1.8039056062698364,2.1947481632232666,
"May 12, 2023, 04:00 PM",9,0.0362,51.4864,13.717268943786621,1.8116563558578491,2.202852487564087,
"May 12, 2023, 05:00 PM",9,0.0362,51.4864,13.415045738220215,1.8429867029190063,2.24150013923645,
"May 12, 2023, 06:00 PM",9,0.0362,51.4864,12.979586601257324,1.895251989364624,2.30755877494812,
"May 12, 2023, 07:00 PM",9,0.0362,51.4864,12.440836906433105,1.9644050598144531,2.3960156440734863,
"May 12, 2023, 08:00 PM",9,0.0362,51.4864,11.835774421691895,2.0452733039855957,2.5003790855407715,
"May 12, 2023, 09:00 PM",9,0.0362,51.4864,11.20590877532959,2.131924629211426,2.6131153106689453,
"May 12, 2023, 10:00 PM",9,0.0362,51.4864,10.59438419342041,2.2180447578430176,2.726099729537964,
"May 12, 2023, 11:00 PM",9,0.0362,51.4864,10.043099403381348,2.2974133491516113,2.8312807083129883,
"May 13, 2023, 12:00 AM",9,0.0362,51.4864,9.589844703674316,2.364288330078125,2.9211647510528564,
"May 13, 2023, 01:00 AM",9,0.0362,51.4864,9.265700340270996,2.4138360023498535,2.989302635192871,
"May 13, 2023, 02:00 AM",9,0.0362,51.4864,9.092949867248535,2.442422389984131,3.030805826187134,
"May 13, 2023, 03:00 AM",9,0.0362,51.4864,9.083531379699707,2.4478039741516113,3.0425426959991455,
"May 13, 2023, 04:00 AM",9,0.0362,51.4864,9.23827838897705,2.429410457611084,3.0234880447387695,
"May 13, 2023, 05:00 AM",9,0.0362,51.4864,9.546818733215332,2.3882462978363037,2.9747047424316406,
"May 13, 2023, 06:00 AM",9,0.0362,51.4864,9.988320350646973,2.326869010925293,2.8992409706115723,
"May 13, 2023, 07:00 AM",9,0.0362,51.4864,10.53288745880127,2.249197006225586,2.801980495452881,
"May 13, 2023, 08:00 AM",9,0.0362,51.4864,11.143620491027832,2.1602416038513184,2.6892786026000977,
"May 13, 2023, 09:00 AM",9,0.0362,51.4864,11.779101371765137,2.0657308101654053,2.5684516429901123,
"May 13, 2023, 10:00 AM",9,0.0362,51.4864,12.39627742767334,1.9717614650726318,2.44740891456604,
"May 13, 2023, 11:00 AM",9,0.0362,51.4864,12.953328132629395,1.8843438625335693,2.3339905738830566,
"May 13, 2023, 12:00 PM",9,0.0362,51.4864,13.412571907043457,1.8090295791625977,2.2355120182037354,
"May 13, 2023, 01:00 PM",9,0.0362,51.4864,13.7429838180542,1.750494360923767,2.158238649368286,
"May 13, 2023, 02:00 PM",9,0.0362,51.4864,13.922331809997559,1.7122596502304077,2.106950044631958,
"May 13, 2023, 03:00 PM",9,0.0362,51.4864,13.938687324523926,1.6964287757873535,2.084638833999634,
"May 13, 2023, 04:00 PM",9,0.0362,51.4864,13.79123592376709,1.7035876512527466,2.0923359394073486,
"May 13, 2023, 05:00 PM",9,0.0362,51.4864,13.490307807922363,1.732750415802002,2.1289968490600586,
"May 13, 2023, 06:00 PM",9,0.0362,51.4864,13.056719779968262,1.7814406156539917,2.1916422843933105,
"May 13, 2023, 07:00 PM",9,0.0362,51.4864,12.520297050476074,1.8458768129348755,2.275517702102661,
"May 13, 2023, 08:00 PM",9,0.0362,51.4864,11.917840003967285,1.9212099313735962,2.3744442462921143,
"May 13, 2023, 09:00 PM",9,0.0362,51.4864,11.290682792663574,2.0018982887268066,2.4812746047973633,
"May 13, 2023, 10:00 PM",9,0.0362,51.4864,10.681796073913574,2.08205509185791,2.5883216857910156,
"May 13, 2023, 11:00 PM",9,0.0362,51.4864,10.132887840270996,2.1558899879455566,2.687945604324341,
"May 14, 2023, 12:00 AM",9,0.0362,51.4864,9.68159008026123,2.218053102493286,2.7730495929718018,
"May 14, 2023, 01:00 AM",9,0.0362,51.4864,9.358851432800293,2.2640388011932373,2.8375368118286133,
"May 14, 2023, 02:00 AM",9,0.0362,51.4864,9.186833381652832,2.290442943572998,2.8767523765563965,
"May 14, 2023, 03:00 AM",9,0.0362,51.4864,9.177462577819824,2.2952396869659424,2.887770175933838,
"May 14, 2023, 04:00 AM",9,0.0362,51.4864,9.33154010772705,2.277876377105713,2.869619131088257,
"May 14, 2023, 05:00 AM",9,0.0362,51.4864,9.638747215270996,2.239311456680298,2.823317050933838,
"May 14, 2023, 06:00 AM",9,0.0362,51.4864,10.07834529876709,2.181948661804199,2.7517709732055664,
"May 14, 2023, 07:00 AM",9,0.0362,51.4864,10.620558738708496,2.109428882598877,2.6596033573150635,
"May 14, 2023, 08:00 AM",9,0.0362,51.4864,11.22863483428955,2.026428699493408,2.5528080463409424,
"May 14, 2023, 09:00 AM",9,0.0362,51.4864,11.861374855041504,1.9383004903793335,2.4383676052093506,
"May 14, 2023, 10:00 AM",9,0.0362,51.4864,12.47588062286377,1.8507046699523926,2.3237500190734863,
"May 14, 2023, 11:00 AM",9,0.0362,51.4864,13.030522346496582,1.769252896308899,2.2163751125335693,
"May 14, 2023, 12:00 PM",9,0.0362,51.4864,13.487784385681152,1.6990891695022583,2.1231701374053955,
"May 14, 2023, 01:00 PM",9,0.0362,51.4864,13.816765785217285,1.6445472240447998,2.0500411987304688,
"May 14, 2023, 02:00 PM",9,0.0362,51.4864,13.995331764221191,1.6088911294937134,2.0015034675598145,
"May 14, 2023, 03:00 PM",9,0.0362,51.4864,14.011618614196777,1.5940744876861572,1.9803996086120605,
"May 14, 2023, 04:00 PM",9,0.0362,51.4864,13.864808082580566,1.6006220579147339,1.9876649379730225,
"May 14, 2023, 05:00 PM",9,0.0362,51.4864,13.56518840789795,1.6276034116744995,2.022322177886963,
"May 14, 2023, 06:00 PM",9,0.0362,51.4864,13.133488655090332,1.6727114915847778,2.081544876098633,
"May 14, 2023, 07:00 PM",9,0.0362,51.4864,12.59938907623291,1.7324036359786987,2.1608047485351562,
"May 14, 2023, 08:00 PM",9,0.0362,51.4864,11.99954891204834,1.8021869659423828,2.2542765140533447,
"May 14, 2023, 09:00 PM",9,0.0362,51.4864,11.37511920928955,1.8768980503082275,2.355192184448242,
"May 14, 2023, 10:00 PM",9,0.0362,51.4864,10.768879890441895,1.9510937929153442,2.4562840461730957,
"May 14, 2023, 11:00 PM",9,0.0362,51.4864,10.222376823425293,2.0193891525268555,2.55035400390625,
"May 15, 2023, 12:00 AM",9,0.0362,51.4864,9.773039817810059,2.076817512512207,2.6306495666503906,
"May 15, 2023, 01:00 AM",9,0.0362,51.4864,9.451704978942871,2.1192092895507812,2.6914467811584473,
"May 15, 2023, 02:00 AM",9,0.0362,51.4864,9.280444145202637,2.143435001373291,2.728367805480957,
"May 15, 2023, 03:00 AM",9,0.0362,51.4864,9.271124839782715,2.14762282371521,2.7386484146118164,
"May 15, 2023, 04:00 AM",9,0.0362,51.4864,9.424546241760254,2.131275177001953,2.7213823795318604,
"May 15, 2023, 05:00 AM",9,0.0362,51.4864,9.730441093444824,2.095303535461426,2.6775546073913574,
"May 15, 2023, 06:00 AM",9,0.0362,51.4864,10.168131828308105,2.041922092437744,2.6098856925964355,
"May 15, 2023, 07:00 AM",9,0.0362,51.4864,10.708001136779785,1.974540114402771,2.5227818489074707,
"May 15, 2023, 08:00 AM",9,0.0362,51.4864,11.313446998596191,1.8974809646606445,2.421895742416382,
"May 15, 2023, 09:00 AM",9,0.0362,51.4864,11.943448066711426,1.8157203197479248,2.3138229846954346,
"May 15, 2023, 10:00 AM",9,0.0362,51.4864,12.555304527282715,1.7345046997070312,2.205620765686035,
"May 15, 2023, 11:00 AM",9,0.0362,51.4864,13.107552528381348,1.6589953899383545,2.1042699813842773,
"May 15, 2023, 12:00 PM",9,0.0362,51.4864,13.562825202941895,1.5939537286758423,2.016303062438965,
"May 15, 2023, 01:00 PM",9,0.0362,51.4864,13.890387535095215,1.5433896780014038,1.9473001956939697,
"May 15, 2023, 02:00 PM",9,0.0362,51.4864,14.068188667297363,1.5103027820587158,1.9015016555786133,
"May 15, 2023, 03:00 PM",9,0.0362,51.4864,14.084418296813965,1.496484637260437,1.8815784454345703,
"May 15, 2023, 04:00 PM",9,0.0362,51.4864,13.93826961517334,1.502410888671875,1.8884072303771973,
"May 15, 2023, 05:00 PM",9,0.0362,51.4864,13.639975547790527,1.5271950960159302,1.92104172706604,
"May 15, 2023, 06:00 PM",9,0.0362,51.4864,13.21015453338623,1.5686923265457153,1.976806879043579,
"May 15, 2023, 07:00 PM",9,0.0362,51.4864,12.67839527130127,1.6236242055892944,2.0514392852783203,
"May 15, 2023, 08:00 PM",9,0.0362,51.4864,12.081185340881348,1.6878412961959839,2.139436960220337,
"May 15, 2023, 09:00 PM",9,0.0362,51.4864,11.459492683410645,1.7565735578536987,2.2344183921813965,
"May 15, 2023, 10:00 PM",9,0.0362,51.4864,10.85591983795166,1.8247917890548706,2.32954478263855,
"May 15, 2023, 11:00 PM",9,0.0362,51.4864,10.311810493469238,1.8875147104263306,2.4180104732513428,
"May 16, 2023, 12:00 AM",9,0.0362,51.4864,9.86445140838623,1.9401919841766357,2.49348783493042,
"May 16, 2023, 01:00 AM",9,0.0362,51.4864,9.544539451599121,1.9789812564849854,2.5505850315093994,
"May 16, 2023, 02:00 AM",9,0.0362,51.4864,9.374049186706543,2.0010123252868652,2.5851917266845703,
"May 16, 2023, 03:00 AM",9,0.0362,51.4864,9.364794731140137,2.0045833587646484,2.594726085662842,
"May 16, 2023, 04:00 AM",9,0.0362,51.4864,9.517573356628418,1.989234447479248,2.578336715698242,
"May 16, 2023, 05:00 AM",9,0.0362,51.4864,9.822150230407715,1.955820918083191,2.53692889213562,
"May 16, 2023, 06:00 AM",9,0.0362,51.4864,10.257954597473145,1.90640389919281,2.473127841949463,
"May 16, 2023, 07:00 AM",9,0.0362,51.4864,10.795489311218262,1.8441431522369385,2.3910672664642334,
"May 16, 2023, 08:00 AM",9,0.0362,51.4864,11.39831829071045,1.7730236053466797,2.296070098876953,
"May 16, 2023, 09:00 AM",9,0.0362,51.4864,12.025601387023926,1.6976206302642822,2.1943531036376953,
"May 16, 2023, 10:00 AM",9,0.0362,51.4864,12.634799003601074,1.622745394706726,2.0925278663635254,
"May 16, 2023, 11:00 AM",9,0.0362,51.4864,13.184662818908691,1.553161382675171,1.997180700302124,
"May 16, 2023, 12:00 PM",9,0.0362,51.4864,13.637970924377441,1.4932305812835693,1.9144394397735596,
"May 16, 2023, 01:00 PM",9,0.0362,51.4864,13.964125633239746,1.446626901626587,1.8495416641235352,
"May 16, 2023, 02:00 PM",9,0.0362,51.4864,14.141188621520996,1.4160972833633423,1.8064684867858887,
"May 16, 2023, 03:00 PM",9,0.0362,51.4864,14.157362937927246,1.4032598733901978,1.7877047061920166,
"May 16, 2023, 04:00 PM",9,0.0362,51.4864,14.011868476867676,1.4085350036621094,1.7940616607666016,
"May 16, 2023, 05:00 PM",9,0.0362,51.4864,13.714903831481934,1.4310977458953857,1.8246519565582275,
"May 16, 2023, 06:00 PM",9,0.0362,51.4864,13.28699016571045,1.4689717292785645,1.8769457340240479,
"May 16, 2023, 07:00 PM",9,0.0362,51.4864,12.757582664489746,1.5191380977630615,1.946929693222046,
"May 16, 2023, 08:00 PM",9,0.0362,51.4864,12.1630277633667,1.5777781009674072,2.0294485092163086,
"May 16, 2023, 09:00 PM",9,0.0362,51.4864,11.544074058532715,1.6405065059661865,2.118466377258301,
"May 16, 2023, 10:00 PM",9,0.0362,51.4864,10.94316577911377,1.7027133703231812,2.2075870037078857,
"May 16, 2023, 11:00 PM",9,0.0362,51.4864,10.401467323303223,1.7598532438278198,2.290436267852783,
"May 17, 2023, 12:00 AM",9,0.0362,51.4864,9.956097602844238,1.8077603578567505,2.3610734939575195,
"May 17, 2023, 01:00 AM",9,0.0362,51.4864,9.637616157531738,1.8429198265075684,2.41444993019104,
"May 17, 2023, 02:00 AM",9,0.0362,51.4864,9.467917442321777,1.8627550601959229,2.4467313289642334,
"May 17, 2023, 03:00 AM",9,0.0362,51.4864,9.458727836608887,1.8656725883483887,2.455474853515625,
"May 17, 2023, 04:00 AM",9,0.0362,51.4864,9.610867500305176,1.8512941598892212,2.4399285316467285,
"May 17, 2023, 05:00 AM",9,0.0362,51.4864,9.91414737701416,1.8204292058944702,2.4009416103363037,
"May 17, 2023, 06:00 AM",9,0.0362,51.4864,10.348074913024902,1.774975061416626,2.340986490249634,
"May 17, 2023, 07:00 AM",9,0.0362,51.4864,10.88329792022705,1.717824101448059,2.2639570236206055,
"May 17, 2023, 08:00 AM",9,0.0362,51.4864,11.483525276184082,1.6526163816452026,2.17482590675354,
"May 17, 2023, 09:00 AM",9,0.0362,51.4864,12.108073234558105,1.5835360288619995,2.0794241428375244,
"May 17, 2023, 10:00 AM",9,0.0362,51.4864,12.71463680267334,1.5149893760681152,1.9839622974395752,
"May 17, 2023, 11:00 AM",9,0.0362,51.4864,13.262120246887207,1.4513112306594849,1.8945963382720947,
"May 17, 2023, 12:00 PM",9,0.0362,51.4864,13.713473320007324,1.396465539932251,1.8170664310455322,
"May 17, 2023, 01:00 PM",9,0.0362,51.4864,14.038241386413574,1.3538146018981934,1.7562506198883057,
"May 17, 2023, 02:00 PM",9,0.0362,51.4864,14.214552879333496,1.3258109092712402,1.7158658504486084,
"May 17, 2023, 03:00 PM",9,0.0362,51.4864,14.230692863464355,1.3139283657073975,1.6982390880584717,
"May 17, 2023, 04:00 PM",9,0.0362,51.4864,14.085871696472168,1.3185384273529053,1.7041082382202148,
"May 17, 2023, 05:00 PM",9,0.0362,51.4864,13.79024600982666,1.338871717453003,1.7326314449310303,
"May 17, 2023, 06:00 PM",9,0.0362,51.4864,13.36425495147705,1.373108983039856,1.7814388275146484,
"May 17, 2023, 07:00 PM",9,0.0362,51.4864,12.83720874786377,1.4184837341308594,1.8467519283294678,
"May 17, 2023, 08:00 PM",9,0.0362,51.4864,12.2452974319458,1.4715125560760498,1.9237439632415771,
"May 17, 2023, 09:00 PM",9,0.0362,51.4864,11.629101753234863,1.5282163619995117,2.0067832469940186,
"May 17, 2023, 10:00 PM",9,0.0362,51.4864,11.03087329864502,1.5843989849090576,2.089884042739868,
"May 17, 2023, 11:00 PM",9,0.0362,51.4864,10.491597175598145,1.6359273195266724,2.1670942306518555,
"May 18, 2023, 12:00 AM",9,0.0362,51.4864,10.048233985900879,1.6790608167648315,2.2328789234161377,
"May 18, 2023, 01:00 AM",9,0.0362,51.4864,9.731196403503418,1.710587978363037,2.282521963119507,
"May 18, 2023, 02:00 AM",9,0.0362,51.4864,9.56227970123291,1.7281619310379028,2.312422037124634,
"May 18, 2023, 03:00 AM",9,0.0362,51.4864,9.553174018859863,1.7304141521453857,2.3203630447387695,
"May 18, 2023, 04:00 AM",9,0.0362,51.4864,9.70468807220459,1.7170037031173706,2.305636405944824,
"May 18, 2023, 05:00 AM",9,0.0362,51.4864,10.006674766540527,1.6886659860610962,2.2690467834472656,
"May 18, 2023, 06:00 AM",9,0.0362,51.4864,10.43874454498291,1.6471538543701172,2.2129247188568115,
"May 18, 2023, 07:00 AM",9,0.0362,51.4864,10.971646308898926,1.5950746536254883,2.1408820152282715,
"May 18, 2023, 08:00 AM",9,0.0362,51.4864,11.5692777633667,1.5357578992843628,2.0575942993164062,
"May 18, 2023, 09:00 AM",9,0.0362,51.4864,12.191121101379395,1.472987174987793,1.9684934616088867,
"May 18, 2023, 10:00 AM",9,0.0362,51.4864,12.795056343078613,1.4107478857040405,1.8793718814849854,
"May 18, 2023, 11:00 AM",9,0.0362,51.4864,13.340178489685059,1.3529609441757202,1.795971393585205,
"May 18, 2023, 12:00 PM",9,0.0362,51.4864,13.78958797454834,1.3031914234161377,1.7236204147338867,
"May 18, 2023, 01:00 PM",9,0.0362,51.4864,14.112957954406738,1.2644410133361816,1.666856050491333,
"May 18, 2023, 02:00 PM",9,0.0362,51.4864,14.288540840148926,1.2389477491378784,1.629143238067627,
"May 18, 2023, 03:00 PM",9,0.0362,51.4864,14.30465030670166,1.2280104160308838,1.6126291751861572,
"May 18, 2023, 04:00 PM",9,0.0362,51.4864,14.16051197052002,1.231933832168579,1.6179871559143066,
"May 18, 2023, 05:00 PM",9,0.0362,51.4864,13.866246223449707,1.2500159740447998,1.6444339752197266,
"May 18, 2023, 06:00 PM",9,0.0362,51.4864,13.442172050476074,1.2805826663970947,1.6897087097167969,
"May 18, 2023, 07:00 PM",9,0.0362,51.4864,12.917496681213379,1.321143388748169,1.7503266334533691,
"May 18, 2023, 08:00 PM",9,0.0362,51.4864,12.32824420928955,1.3685462474822998,1.8217756748199463,
"May 18, 2023, 09:00 PM",9,0.0362,51.4864,11.714818000793457,1.4192034006118774,1.8988120555877686,
"May 18, 2023, 10:00 PM",9,0.0362,51.4864,11.11928653717041,1.469347596168518,1.9758787155151367,
"May 18, 2023, 11:00 PM",9,0.0362,51.4864,10.582440376281738,1.5152592658996582,2.0474257469177246,
"May 19, 2023, 12:00 AM",9,0.0362,51.4864,10.141077995300293,1.553554892539978,2.1083130836486816,
"May 19, 2023, 01:00 AM",9,0.0362,51.4864,9.825491905212402,1.5814181566238403,2.1541874408721924,
"May 19, 2023, 02:00 AM",9,0.0362,51.4864,9.657376289367676,1.596744418144226,2.181703567504883,
"May 19, 2023, 03:00 AM",9,0.0362,51.4864,9.648362159729004,1.5983091592788696,2.188817262649536,
"May 19, 2023, 04:00 AM",9,0.0362,51.4864,9.79926586151123,1.5858442783355713,2.1748974323272705,
"May 19, 2023, 05:00 AM",9,0.0362,51.4864,10.09997272491455,1.560011386871338,2.1406805515289307,
"May 19, 2023, 06:00 AM",9,0.0362,51.4864,10.530179023742676,1.522400975227356,2.0883452892303467,
"May 19, 2023, 07:00 AM",9,0.0362,51.4864,11.060776710510254,1.4753799438476562,2.0212759971618652,
"May 19, 2023, 08:00 AM",9,0.0362,51.4864,11.655816078186035,1.421931505203247,1.9438068866729736,
"May 19, 2023, 09:00 AM",9,0.0362,51.4864,12.274964332580566,1.3654403686523438,1.8609824180603027,
"May 19, 2023, 10:00 AM",9,0.0362,51.4864,12.876288414001465,1.3094998598098755,1.7781846523284912,
"May 19, 2023, 11:00 AM",9,0.0362,51.4864,13.41904354095459,1.257561445236206,1.7007088661193848,
"May 19, 2023, 12:00 PM",9,0.0362,51.4864,13.866515159606934,1.2128393650054932,1.6335124969482422,
"May 19, 2023, 01:00 PM",9,0.0362,51.4864,14.188508033752441,1.177991509437561,1.580782175064087,
"May 19, 2023, 02:00 PM",9,0.0362,51.4864,14.363364219665527,1.1549854278564453,1.5457165241241455,
"May 19, 2023, 03:00 PM",9,0.0362,51.4864,14.379473686218262,1.144970178604126,1.530298113822937,
"May 19, 2023, 04:00 PM",9,0.0362,51.4864,14.2360200881958,1.148183822631836,1.535119891166687,
"May 19, 2023, 05:00 PM",9,0.0362,51.4864,13.943100929260254,1.16398024559021,1.559443473815918,
"May 19, 2023, 06:00 PM",9,0.0362,51.4864,13.52095890045166,1.190859079360962,1.6011755466461182,
"May 19, 2023, 07:00 PM",9,0.0362,51.4864,12.99866771697998,1.2265827655792236,1.6570730209350586,
